5,4,3,5,34,4,5,3,5,6,7,6,23,624,642
34,56,4334,675,432,45,34,32,56,7624
876,443,7,56,32,443,7,5764,3,2424
7,5,432,42,1,243,233,52,36,3224
3,5,46,4,2,7,42,575,232,677,32,623
6,43,477,2325,325,74,32,446,34,37
366,362,4326,221,347,373,21,347343
23,674,32,3,775,356,32,458,42,35,3355
3,57,387,32,3,43,2,53,5,3,2,3,5,3,566
2,5,43,3,5,6,23,5,3,7,34,3,232,434
6,7,43,7,34,3,4,7,2,4,7,43,8,4,77
4,12,65,2132,35,8,511,4,7,8,6,2,524,6
56,4,68,47,642,52,6,46,5,486,2,6,4,8642
54,6,64,8,4,5,61,5,1,5,47356,233,87,56246
4,56,6,3,1,87,6,5,1,623,675,525,426,643,853,42642
6,4,5,4,5,1,6,4,56,1,6,84,6,1,548,64,926
6,4,6,142,25,4,6,4,25,64,4,1,64,6232,1,42246
5,6,4,1,463,85,4,2,4,64,1,2,6,4523,8,7,624
6,7,8,7,6,4,61,1,55,4,7,8,79,8,4,6262
6,14,651,2,6,4,85,4,651,3,5,4,8,724