5,4,3,5,34,4,5,3,5,6,7,6
34,56,4334,675,432,45,34,32,56,76
876,443,7,56,32,443,7,5764,3,24
7,5,432,42,1,243,233,52,36,32
3,5,46,4,2,7,42,575,232,677,32,3
6,43,477,2325,325,74,32,446,34,3
366,362,4326,221,347,373,21,3473
23,674,32,3,775,356,32,458,42,35,35
3,57,387,32,3,43,2,53,5,3,2,3,5,3,5
2,5,43,3,5,6,23,5,3,7,34,3,232,4
6,7,43,7,34,3,4,7,2,4,7,43,8,4,7
4,12,65,2132,35,8,511,4,7,8,6,2,5,6
56,4,68,47,6,52,6,46,5,486,2,6,4,8
54,6,64,8,4,5,61,5,1,5,46,233,87,56
4,56,6,3,1,87,6,5,1,623,6,5,4,6,8,4
6,4,5,4,5,1,6,4,56,1,6,84,6,1,548,64,9
6,4,6,1,25,4,6,4,25,64,4,1,64,6,1,4
5,6,4,1,3,85,4,2,4,64,1,2,6,4,8,7,6
6,7,8,7,6,4,61,1,55,4,7,8,79,8,4,6
6,14,651,2,6,4,85,4,651,3,5,4,8,7